958
1582
1451
3881
2535
2858
2681
2824
2661
2741
2740
1937
2622
2648
2888
2750
2778
1053
2785
1368
1916
1339
1441
3139
2650
2694
2721
2719
2508
1079
2194
3110
1680
2025
2614
2256
2041
2646
3372
440
2238
1933
2809
1930
1927
2351
496
1101
1636
2373
2556
2325
2830
600
483
1962
1676
483
483
457
2598
474
473
468
502
496
498
511
527
567
2382
1900
1155
3228
483
496
502
493
491
488
488
458
2704
597
947
969
904
928
878
913
924
922
888
945
953
864
3212
2356
2029
2106
4604
2166
2007
727
924
2293
487
497
522
497
503
515
487
2188
1410
3533
1130
2269
2029
2088
2117
2647
551
2259
515
580
2855
2438
522
468
472
491
1172
1889
2474
697
869
1021
896
994
932
943
910
980
991
932
905
873
787
1298
2890
2136
1006
895
859
2119
955
2051
2292
1323
1838
2380
2006
1986
1987
1681
1814
2365
2187
2070
2014
3382
1891
1922
3011
824
2188
2299
675
2685
2773
1976
2465
1827
853
1740
2146
1198
668
665
533
690
686
1136
2395
1344
872
2354
971
2647
832
5384
2482
3152
945
3489
852
2129
1286
2084
1414
770
2194
715
2782
2506
703
1213
963
1936
2444
1946
2404
1979
1629
2014
2259
1458
1324
1656
1783
680
2261
2798
3653
2435
963
1110
938
957
964
754
879
938
886
952
1063
3160
1899
2232
2324
2155
2283
2904
2002
2018
2453
2399
1981
2007
2058
1720
2472
1212
1403
2096
1909
1479
1832
2032
1930
1407
1965
1343
1845
2112
2031
6455
2328
2034
2616
2037
1963
2011
2179
1967
2042
1925
1965
1133
2073
1882
2111
1964
1967
1910
1787
1843
2148
1978
2279
2341
1957
1983
1965
1907
1530
1238
1991
2025
1889
1990
1886
2079
1929
2010
1861
2103
1955
2043
1894
2125
1959
2050
1699
2126
1990
2253
1862
2415
2086
2008
2035
2127
1993
1926
2124
1945
1994
1912
2072
2043
1873
2005
2152
2110
968
839
937
880
972
1028
946
802
942
961
972
948
2022
1962
2119
1485
2322
1744
1759
1990
1954
1820
2098
1924
1883
1743
1914
1902
1994
1851
1900
1402
1907
1477
2008
2655
1921
1964
2130
1790
2108
2371
2141
804
2022
1977
1933
1782
1928
1840
2263
2106
1957
2351
2272
1826
2746
2323
2438
2309
2287
5053
2210
2277
2212
1683
1985
2086
1989
2084
2000
1992
2302
1888
2792
2666
3150
1697
2350
2046
2032
1926
1900
2906
4241
3716
1937
940
2038
1959
2149
1981
1999
2336
1864
2421
983
1871
1868
2076
2134
2143
1992
2252
2252
2210
1965
1718
2201
1660
1705
2551
2066
616
1112
1913
2481
2318
1479
2050
1930
2340
1705
2166
904
2701
3835
1475
1996
2267
1443
2300
2624
966
1702
2400
2646
2172
1402
3175
1482
2240
2102
1927
1976
2270
2186
586
2443
3201
1029
785
683
2360
934
2726
2456
1374
2011
993
962
910
1019
926
877
952
931
960
970
954
726
2737
1994
1024
868
899
940
934
769
877
869
924
855
1580
2505
958
1023
982
951
961
906
974
985
952
896
942
984
964
1031
1095
1160
3240
2349
2224
3802
1617
1775
1598
1902
2185
1127
1803
1667
1893
1375
928
1854
668
2099
2317
1006
1363
1905
3716
1150
3197
1888
1640
1571
1628
2155
2356
1056
1289
1924
2297
756
2309
1755
1753
1791
1784
2176
3630
2144
2378
1920
1923
1989
2413
3054
5046
1776
1703
2001
929
1786
1923
2119
2481
1995
1823
1843
1869
1739
1703
1996
1986
2097
1979
1976
1960
1854
1888
1974
2167
2031
2647
1901
2627
2261
1009
1862
1828
2166
1744
3648
1314
1898
1870
2151
1342
1786
1894
2379
1766
1625
1611
2318
1909
1844
3325
2370
1790
1017
1449
2069
1297
1819
2120
1692
1809
2011
2047
1948
2045
2032
1616
1829
1955
3194
1618
2301
2094
1660
1922
1922
1680
2083
1537
1744
1887
1435
1130
1088
2227
3955
1710
1770
1021
2725
2078
1935
1795
1906
1983
1692
2637
2112
2246
2141
1198
1489
1335
2471
1942
1659
1832
2360
1786
1915
2231
1314
2078
1418
1675
1662
2402
1740
1720
852
3533
1687
1801
1822
883
1734
1698
1299
1020
1691
1150
777
1928
1680
1591
1590
3056
1829
2395
1565
2136
1517
2449
1680
1643
2293
2070
1756
514
2359
1496
2001
1747
1923
2372
2353
2422
1677
2323
2773
1531
1973
3191
1149
1589
974
2073
1782
1649
1906
1215
2229
3370
1768
2309
2312
2441
1728
2620
1794
2717
2045
1625
2855
2434
3139
2239
1230
3196
1440
1686
2385
1750
2344
892
2356
2375
2341
1769
2194
885
1985
1456
2145
1625
3751
1675
2406
1659
2052
670
3332
1427
1647
2989
1410
2827
3412
1848
2877
3645
1320
3302
2795
1447
1681
2520
2430
1731
1900
2387
1239
1762
2015
1925
1687
1038
3338
1184
785
1257
1766
1859
1674
1801
1109
2034
2090
1935
1952
669
909
1099
2331
1788
1988
1968
1404
1553
1980
1683
1771
2754
1746
1605
1666
1760
1619
640
639
1647
2162
1144
3667
3624
1174
1220
2115
1205
2497
1938
1486
1438
1773
2662
2172
1691
1662
1862
3344
1642
1811
1920
1218
1693
2275
1194
1168
1701
1719
1773
1218
1672
639
1701
1498
1636
1561
1518
912
855
1019
1220
1350
643
1688
1921
2108
1293
1669
1552
1736
1085
1192
690
1802
815
1633
1754
1683
1543
5507
2703
1544
1777
2350
1626
1645
2388
654
1313
1971
2891
2021
1374
1958
1732
1828
1510
1491
1568
2463
1388
1450
1683
1950
1137
1596
2075
1672
2171
705
1088
1765
5474
2621
3679
442
1132
1524
2140
690
1585
2882
1829
2224
1797
2113
1600
1482
1478
1770
2937
1971
2253
3518
1592
851
1411
1626
2345
561
1339
3812
1076
1838
1630
1579
1590
882
1642
2069
2087
892
2295
1037
1606
1967
1530
2218
3721
2006
2049
2183
1043
1829
1450
1399
2042
1070
1340
1953
675
1998
1766
675
1080
598
619
583
1332
1578
496
1198
2175
1481
873
2280
1342
683
2112
672
2586
2489
1173
1670
2322
2325
2378
2424
2474
2413
2336
2320
2246
2220
2391
2127
2153
2260
2210
2216
2185
2166
2067
2058
840
1006
3616
2699
3223
1657
1978
1604
1910
1400
929
1618
3243
1905
1047
1842
1357
1797
2952
964
1967
1676
1661
1591
1671
1983
1824
555
1997
1170
977
661
2894
2014
1227
1840
1803
1959
1837
2116
2458
1547
692
1320
1704
1412
3486
2652
1565
2998
2295
2841
1302
1523
2481
1481
1217
1171
1096
2209
2684
4589
2007
893
2393
1160
1000
579
2235
1426
1621
2006
1953
1741
1220
2339
1575
3789
1942
2415
1685
2712
1951
2499
1603
2481
1863
1081
1139
1579
2332
2253
2270
1741
1661
1657
1527
1805
1794
1509
2302
1519
1974
1150
2988
1242
1933
1543
2306
1471
2154
964
2207
1332
2248
2313
1920
1468
1625
1327
1576
2085
935
2318
1781
1681
1661
3565
2096
1763
2137
870
1774
1129
2476
2519
1884
932
2268
2354
3545
1360
1670
1474
1879
990
3298
3303
1570
2195
1472
1912
3381
1829
2398
1858
1679
2146
1611
1102
1579
1621
4282
2555
1535
1654
2446
526
2688
1764
2176
1663
3152
3463
1187
1510
2398
4586
1013
1272
606
1352
3267
2148
3140
1561
1600
1536
1523
1504
1837
1171
1937
2000
1930
1653
1602
1536
1738
1443
973
2443
2203
1552
1447
1286
1162
1304
1241
1280
1216
3538
2805
3372
2189
2415
2136
637
3325
4430
1331
1866
2027
3645
2111
3209
2260
3542
1332
2273
1765
3726
979
3021
3519
1954
3207
3407
2946
3015
2749
1338
1255
1308
1277
1316
1282
2385
2137
2226
2031
4001
2447
1583
1653
3090
2755
1554
2969
2046
1824
2757
2195
1456
1961
1401
2165
2324
1952
2544
2025
835
4236
2096
1971
2264
2832
1929
1654
1546
4165
1299
2353
2154
1745
1245
2179
2281
1678
1774
3963
1721
2717
2071
1995
2984
2853
1200
2064
2267
2926
1410
1310
2124
1656
2221
3664
1244
891
2540
2476
2470
2075
1894
1709
2097
3606
2275
1178
2164
1035
1216
2154
955
3629
808
803
2653
1453
1350
2254
518
2269
2036
3439
623
2695
1978
1355
1509
2232
2509
2054
1135
3426
2178
1795
3631
2210
2102
2979
2850
1170
1029
1688
2719
2563
1641
1758
1794
1791
1614
1358
574
2865
1032
2424
853
699
3729
1670
595
858
954
680
1250
2030
632
1276
1658
1123
596
2939
2006
1599
2981
2183
2283
1262
2163
1434
1352
790
2279
2505
1501
1920
2067
1909
2555
2355
1738
4745
698
2039
2246
1611
864
2704
2709
692
584
1702
1151
1677
956
1751
1373
1601
2584
3151
531
1423
2610
718
2108
725
1413
2361
1230
2289
2271
2165
2020
2440
1721
2125
1087
2358
2436
2218
1767
1006
2933
2340
1791
3117
2088
2307
2253
2241
530
1307
2201
2791
3906
1584
2030
2820
2174
2763
2599
2339
2246
2248
2895
2478
1990
2512
1994
1111
2768
1692
1958
660
1257
696
1827
1014
1424
663
722
818
1609
1592
2220
1582
2391
2290
3015
1510
1774
2185
2481
2616
1146
1078
1183
2819
1351
1438
1003
2984
1931
2650
1030
1326
2385
1244
2323
1675
3021
3246
773
1983
2717
2955
1726
1310
2032
898
2263
1414
1342
2266
2219
1967
1383
1108
1245
886
1579
604
1871
2331
1047
2682
820
2261
2105
2661
2802
1836
910
4875
978
909
1333
1199
1853
2702
2124
1517
1722
1332
2421
1872
2828
2181
2630
879
2455
1768
2613
1606
1859
1913
671
935
819
1048
1803
687
1639
1204
1211
2596
1285
598
1480
3496
4513
3100
2895
2730
2452
1318
2780
1766
1922
2355
2356
964
1682
1412
2872
2238
1163
1019
1416
3022
2397
2267
1974
6747
736
1352
2885
2369
881
576
1882
398
398
2566
2113
933
2108
1751
1809
2450
2717
2468
1176
1624
2402
1956
2269
1356
1086
2498
1685
4185
2368
762
2448
611
1895
1788
1018
1075
3203
2075
1779
615
1384
1450
1256
2581
909
629
1375
2038
1444
1220
1634
1211
1040
1705
2443
1737
1180
2635
738
1278
1905
1136
870
1143
1008
1771
1834
2410
1090
1413
2105
1341
525
2476
1385
2702
1276
1834
1113
1703
1688
1011
1556
1330
1342
1809
2464
2871
2086
2193
2723
3138
1169
2413
1227
2007
751
2358
2374
2516
2314
1124
2875
916
2436
2046
1475
580
1478
572
2180
1959
1072
670
2158
3357
1107
1438
977
4492
2278
1538
1293
2210
2848
1077
2388
1387
1704
835
2790
1906
2963
2244
1430
2289
2343
729
1058
2266
984
497
2011
2357
1660
2723
2606
3469
2041
419
2310
2072
1276
1199
1808
2016
1458
1106
1865
2889
2548
1907
1937
1401
2039
1520
1152
1690
1986
1954
2155
2430
1902
1236
1225
1535
1661
1893
1748
1514
1683
976
826
2154
3174
1321
602
3809
2112
2117
853
1935
1124
1057
948
1689
2055
2162
2228
2325
2184
2131
1826
2837
1088
2007
1826
2362
1630
1259
1796
2176
2147
3383
3826
3163
1533
3700
3362
3170
3221
1716
1435
2632
1330
1438
1029
1153
1004
782
962
929
923
786
2052
1171
974
990
1073
1026
1005
1731
868
2046
911
1515
776
976
2620
1992
1100
1721
641
2117
2029
1167
1620
1766
2091
2346
1788
750
802
817
757
827
831
896
925
1506
900
1498
1531
1374
1316
1350
1039
2166
2119
2179
1776
1584
2217
2254
2188
2350
2525
2260
1833
2278
1754
2225
2150
2195
2243
1996
2078
2087
1907
1858
1894
2129
2009
2127
2270
1833
1438
2340
2050
1611
1397
1761
1903
1808
1697
2043
1754
1887
1477
1496
1360
1394
1808
1962
2026
2145
1978
1393
1923
1924
1675
1079
1746
1690
1898
1461
1295
1526
1493
1988
2010
1804
1504
1782
1615
1335
1487
1759
1789
1825
1881
1992
1513
1612
1875
1516
1566
1604
1744
1638
1307
1426
1577
1106
1658
1417
1093
1126
2004
1540
2589
2523
3593
1544
1497
2053
1307
2091
1485
1547
1606
2205
2538
2276
2598
2119
1587
1888
2142
2517
2460
2524
2347
2025
1597
1952
1490
1874
2062
1692
1668
1380
1276
1834
2472
1737
2120
2318
1965
1976
1904
1686
1281
1954
2216
817
1198
1600
991
997
844
2197
906
831
1429
1952
1265
639
1040
2240
1630
1541
1539
1000
633
689
1343
1123
1140
1686
2060
1037
1180
1938
1295
1122
863
506
855
1288
1220
809
836
2028
2220
2002
1601
1744
2409
1727
923
2844
2154
2112
1040
847
963
1426
980
1505
1433
1181
2246
1228
1373
1356
1607
1015
1982
1888
2276
2507
2954
1723
2584
1247
1588
1663
2232
1703
1985
1875
2240
1114
1092
1089
1376
1325
1298
1293
1260
1514
1227
1719
1515
1544
1396
1522
1507
1245
1835
1526
1590
2426
2042
1825
1880
1666
1760
2427
2940
1288
3686
2007
2380
2616
1938
1918
862
1038
634
1003
1868
1105
797
1532
983
768
586
1012
4960
1642
3482
1590
2591
841
976
1723
664
685
572
623
591
574
626
712
500
1386
1354
431
433
433
433
433
433
433
433
433
433
448
448
448
448
448
448
448
448
448
448
448
448
433
443
1136
4428
1025
1716
1659
1807
1655
1233
1684
1566
1243
1229
1680
3496
1060
615
594
670
1452
2113
2116
1470
1492
2022
796
950
976
871
930
925
646
762
753
862
731
743
713
724
1026
1377
899
902
875
1029
1348
1686
1505
1705
2579
1471
2240
1106
844
860
897
895
867
2633
1025
1665
980
1761
1613
1493
1170
2800
1657
1014
2692
1929
1597
976
2373
2569
2844
1540
2719
2047
2334
1975
2365
902
824
2187
2389
1275
4176
